Advitiya
54 4 0 1
23 4 1 0
24 4 0 -1
58 14 1 -1
68 9 1 1
54 23 1 -1
50 15 1 1
45 5 15 1 1
52 15 13 -1 1
60 10 10 1 1
50 24 13 1 1
45 16 10 1 1
Ansh
24 9 2 1
1 9 -1 0
22 4 0 -1
54 14 1 1
42 9 0 1
22 23 1 1
8 15 1 -1
13 5 15 1 1
44 15 13 1 1
18 10 10 1 1
14 24 13 1 1
3 16 10 1 1
Ansh
51 9 2 1
1 9 -1 0
22 4 0 -1
72 14 1 1
42 9 0 1
48 23 1 1
30 15 1 1
39 5 15 1 1
62 15 13 -1 1
44 10 10 1 1
40 24 13 1 1
29 16 10 1 1
sachit
41 9 2 1
45 9 -1 0
25 4 0 -1
24 14 1 -1
45 9 0 1
54 23 1 -1
62 15 1 1
42 5 15 -1 1
11 15 13 -1 1
37 10 10 -1 1
41 24 13 -1 1
52 16 10 -1 1
adi
38 4 0 1
22 4 1 0
23 4 0 -1
67 14 1 1
53 9 1 1
40 23 1 1
37 15 1 -1
28 5 15 1 1
63 15 13 1 1
43 10 10 1 1
33 24 13 1 1
28 16 10 1 1
sac
29 4 0 1
20 4 1 0
21 4 0 -1
56 14 1 1
40 9 1 1
28 23 1 -1
23 15 1 1
20 5 15 1 1
55 15 13 1 1
35 10 10 1 1
25 24 13 1 1
20 16 10 1 1
Ansh]
20 4 0 1
0 0 1 0
22 4 1 -1
56 14 1 -1
30 9 1 -1
25 23 1 -1
14 15 1 -1
14 5 15 1 1
49 15 13 1 1
29 10 10 1 1
19 24 13 1 1
14 16 10 1 1
Ansh
38 9 2 1
1 9 -1 0
22 4 0 -1
60 14 1 -1
42 9 0 1
32 23 1 -1
22 15 1 1
25 5 15 1 1
56 15 13 1 1
30 10 10 1 1
26 24 13 1 1
15 16 10 1 1
Advitiya
71 4 0 1
23 4 1 0
24 4 0 -1
42 14 1 -1
64 9 1 1
72 23 1 -1
72 15 1 1
62 5 15 -1 1
31 15 13 -1 1
57 10 10 -1 1
61 24 13 -1 1
66 16 10 1 1
paru
27 4 0 1
19 4 1 0
20 4 0 1
54 14 1 -1
34 9 1 1
25 23 1 -1
19 15 1 1
17 5 15 1 1
52 15 13 1 1
32 10 10 1 1
22 24 13 1 1
17 16 10 1 1
paru
44 4 0 1
58 4 1 1
20 4 0 1
76 14 1 -1
50 9 1 -1
51 23 1 1
35 15 1 -1
33 5 15 1 1
64 15 13 -1 1
48 10 10 1 1
38 24 13 1 1
33 16 10 1 1
sneha
22 4 0 1
0 0 1 0
22 4 1 -1
58 14 1 -1
32 9 1 -1
25 23 1 -1
16 15 1 -1
13 5 15 1 1
48 15 13 1 1
28 10 10 1 1
18 24 13 1 1
13 16 10 1 1
Advitiya
29 4 0 1
23 4 1 0
24 4 0 -1
10 14 1 -1
26 9 1 1
26 23 1 1
38 15 1 1
24 5 15 -1 1
11 15 13 1 1
19 10 10 -1 1
23 24 13 -1 1
34 16 10 -1 1
paru
30 9 2 1
48 9 -1 0
20 4 0 1
6 14 1 -1
48 9 0 1
33 23 1 -1
43 15 1 1
30 5 15 -1 1
4 15 13 1 1
26 10 10 -1 1
30 24 13 -1 1
41 16 10 -1 1
Adi
21 4 0 1
0 0 1 0
21 4 1 -1
58 14 1 -1
32 9 1 -1
22 23 1 -1
18 15 1 -1
13 5 15 1 1
48 15 13 1 1
28 10 10 1 1
18 24 13 1 1
13 16 10 1 1
adi
29 4 0 1
79 4 1 0
26 4 0 -1
51 14 1 1
20 9 1 1
26 23 1 1
4 15 1 -1
21 5 15 1 1
48 15 13 1 1
15 10 10 1 1
17 24 13 1 1
4 16 10 -1 1
